Transformation=2DAffine+UTMZone+Aux
Punkt0.x=0.000000000000
Punkt0.y=0.000000000000
Punkt0_t.x=513243.800000999996
Punkt0_t.y=5279000.000000999309
Alpha=0.000000000000
Skalierung.x=0.200000000000
Skalierung.y=0.200000000000
Scherung=0.000000000000
UTMZone=32T
Groesse.x=286.400000000000
Groesse.y=259.400000000000
png=1
