Transformation=2DAffine+UTMZone+Aux
Punkt0.x=0.000000000000
Punkt0.y=0.000000000000
Punkt0_t.x=512000.000001000008
Punkt0_t.y=5279000.000000999309
Alpha=0.000000000000
Skalierung.x=0.400080032013
Skalierung.y=0.400080032013
Scherung=0.000000000000
UTMZone=32T
Groesse.x=1000.200080032001
Groesse.y=1000.200080032001
png=1
